time,x,y,z,phi,theta,psi,x_velocity,y_velocity,z_velocity,phi_velocity,theta_velocity,psi_velocity,rotor_speed1,rotor_speed2,rotor_speed3,rotor_speed4
0.06,-2.11720390258e-08,-7.45130891398e-08,10.0048398317,6.28307232611,2.4435459328e-05,0.0,-2.07656938572e-06,-8.43239401588e-06,0.161317892586,-0.00594375753596,0.00120965208369,0.0,456.3634730218628,456.45998985814833,455.70667128866603,455.2314380699223
0.12000000000000001,-1.07700592557e-06,-4.15661466278e-06,10.0196533492,6.2831125452,6.28285824734,0.0,-2.45213880277e-05,-0.000142619281519,0.332431099489,0.0113942177622,-0.0263018348791,0.0,459.9980079381654,457.8146595789672,458.31067181618664,459.6864006130603
0.18,1.25974705717e-05,-1.14067356658e-05,10.0463814351,0.000601631799126,6.2812674644,0.0,0.000671471629856,-1.71180877771e-05,0.558421470948,0.0109294547554,-0.0269387992207,0.0,475.47290581237735,475.4240109532901,475.26044074580363,475.2246901992352
0.23999999999999996,0.000103182773924,4.438571215e-06,10.0849791324,0.00160294855539,6.27979134092,0.0,0.00252109140687,0.000640482866493,0.728074793994,0.0262503503869,-0.0202967714803,0.0,458.5669791550698,459.09413891119976,458.19588085396583,459.4120201897441
0.3,0.000339557086842,8.8144896823e-05,10.1345070533,0.00370941391167,6.27851319417,0.0,0.00550224722836,0.00236786387893,0.922717807863,0.0486414815989,-0.0233935153314,0.0,467.3876190681267,467.14626237519445,464.91797526658735,466.6692418165581
0.36000000000000004,0.000780186758747,0.000325428377646,10.1946381255,0.00636194692513,6.27722344585,0.0,0.00933354425724,0.00585150907593,1.08151203169,0.0334145012828,-0.0179478681574,0.0,455.61295687498676,456.0480839025743,456.88005960955195,455.6655862154779
0.4200000000000001,0.00146122733941,0.000808675542031,10.2615108053,0.00811528845287,6.27612141982,0.0,0.0134730399737,0.0104401527474,1.14751105644,0.0191421498819,-0.0192189663169,0.0,426.88067045552833,426.772246695607,428.13445843971175,426.9188249427963
0.48000000000000015,0.00242459661271,0.00161250672746,10.334017793,0.00910946075876,6.27510663236,0.0,0.018752013195,0.0164664759071,1.26925910569,0.0108518720287,-0.0126601811302,0.0,444.44151359366134,444.9787692558598,445.79651533752826,445.1185788068954
0.5400000000000001,0.00372358529687,0.00279682352927,10.4137570539,0.0100092414229,6.27490925836,0.0,0.0245918162312,0.023091899682,1.38857743275,0.0222099508469,0.0108473303276,0.0,443.81362475740315,445.738720884068,443.97674730445135,444.9074712434918
0.6000000000000002,0.00540230924671,0.00443791443839,10.5043441302,0.0111228949349,6.27511907535,0.0,0.0313014178049,0.0317598991989,1.63067730526,0.0100262751754,-0.0182700398967,0.0,482.6722915804818,480.470016790322,482.40229435419536,481.481423114193
0.6600000000000003,0.00746036492498,0.00658835130311,10.6062790952,0.0121145130016,6.27380949379,0.0,0.0374266469718,0.0400071487732,1.7669517851,0.0270988731683,-0.0301054893594,0.0,452.0500825133816,451.09541047458555,449.477661788744,450.8589578305084
0.7200000000000003,0.00991825529908,0.00926129739592,10.716534375,0.0142517606748,6.27229339822,0.0,0.0446788142253,0.0492957479264,1.90799465451,0.0487537824835,-0.0170215614248,0.0,451.7693374610694,452.822882526754,452.3900142896219,454.13071208987344
0.7800000000000004,0.0128365055467,0.0125365370215,10.8348031932,0.0173908175373,6.27142051365,0.0,0.0526935752755,0.0601974619716,2.03407682195,0.0586300047367,-0.0100108645931,0.0,448.3475133316725,448.91681823332635,448.27544829532724,449.07895311244664
0.8400000000000004,0.0162805996707,0.0165779982206,10.9630048783,0.0208107964479,6.27111890521,0.0,0.0621562405133,0.0749188513601,2.23892553933,0.0535229882874,0.00343511481988,0.0,472.65791009033603,473.69305389240947,472.86409377994096,472.4725499557976
0.9000000000000005,0.0202358403457,0.0214758601449,11.0984988331,0.0237280278021,6.27176239692,0.0,0.0696418337321,0.088628452788,2.27745686973,0.0363665935771,0.0223294272617,0.0,420.4102420920897,422.04403964689067,423.4939933784451,422.01730081128704
0.9600000000000005,0.0246571124574,0.0273180008846,11.2392219445,0.025751959679,6.27265736523,0.0,0.077602983477,0.106328953237,2.41303206865,0.0278618081563,-0.00715406639504,0.0,454.54349609029464,452.1745746164705,453.11434525279475,452.43057033269355
1.0200000000000005,0.0295727966133,0.0343385284075,11.3908682228,0.0283669616606,6.27265588772,0.0,0.0862703401408,0.127947816657,2.64133612746,0.064085577055,0.0113742902697,0.0,480.76039997149275,482.1621949148349,479.78373141200393,482.52679863833606
1.0800000000000005,0.0350208759662,0.0427777307742,11.5579020495,0.0322649409486,6.27385329085,0.0,0.0951983531464,0.153839307213,2.92575941694,0.0666712712946,0.0331640261596,0.0,498.0219674394878,499.61308347961733,497.69528974204843,497.8871078616648
1.1400000000000006,0.040925295163,0.0527193522275,11.7373319026,0.0358034742747,6.27625254837,0.0,0.101376071246,0.177946005699,3.05488554818,0.0354906867108,0.0509851882461,0.0,453.8447954631829,455.2736739660372,455.1794826048878,452.67946728733864
1.2000000000000006,0.0471611511909,0.0642709576292,11.9271100129,0.038456190818,6.2795283283,0.0,0.106103236116,0.207375157891,3.27044942781,0.0575830152992,0.0609830687062,0.0,481.11295621476495,481.87105928688726,479.19221732548226,480.8695786921687
1.2600000000000007,0.0535873328821,0.0775039536031,12.1258922272,0.04204357531,6.28294604661,0.0,0.107746798011,0.234066184064,3.35536299062,0.063871780173,0.0473819023826,0.0,443.54868777217126,442.4324406159847,441.75525110089745,442.27606049240745
1.3200000000000007,0.0600450642981,0.092473901059,12.3312089719,0.0459431848606,0.00293633942442,0.0,0.107186925029,0.265327505294,3.48811076278,0.0671464953585,0.0621861500775,0.0,458.09734014931945,459.27476085021584,456.9807139216462,457.24465911904605
1.3800000000000008,0.0663931816893,0.109456336867,12.5455907053,0.0501406862604,0.00653634805847,0.0,0.104006184017,0.301190312315,3.65739234567,0.0750577429188,0.0552265213178,0.0,470.5481671803731,470.01138951865255,468.951149075252,469.56871617044374
1.4400000000000008,0.0724777625885,0.128628822117,12.768946033,0.0554589807891,0.0103843802837,0.0,0.0984298184112,0.338401567385,3.78732668083,0.107184062724,0.0777238586406,0.0,458.15470296646663,459.9427616310458,457.81319690805975,460.3682780414179
1.5000000000000009,0.0781449381698,0.150129457568,12.9996406235,0.0617487227043,0.0150033282585,0.0,0.0899956453655,0.378926058592,3.90205592824,0.0996501888517,0.0754577826662,0.0,455.656308031271,455.47963950202717,455.5032071078609,454.90957433667484
1.560000000000001,0.0832048817795,0.174207726211,13.2374523056,0.0673339959798,0.0195758772543,0.0,0.0781954598345,0.42426845106,4.02451922879,0.0748496017912,0.0776702320372,0.0,457.91015930231214,458.09052988861396,460.3123752439079,458.3522388311169
1.620000000000001,0.0874295910859,0.201214193962,13.4839904843,0.0715337537591,0.0237101960928,0.0,0.062132383601,0.476392537319,4.192760775,0.0579006677804,0.0387917741247,0.0,475.3579164551684,472.37198037101996,473.5947558146614,472.2925768875093
1.680000000000001,0.0906702543036,0.231245293408,13.7379341916,0.0752351448102,0.0268866028216,0.0,0.0456154380174,0.524974963161,4.27169000117,0.0683543881687,0.0720251873912,0.0,446.3708270827316,449.0765622307284,446.98162435551393,447.8354883337754
1.740000000000001,0.092907387511,0.264107989847,13.9945159501,0.0794630881433,0.0316942067579,0.0,0.0285482048743,0.570810398988,4.28094543288,0.0743833315588,0.0927440836131,0.0,425.83021383354077,427.60437466899293,424.8886273731007,425.4092726803157
1.8000000000000012,0.0937299750006,0.300533310268,14.2607946109,0.0839868305699,0.0371190335926,0.0,-0.00182441037364,0.643862830215,4.59370844441,0.0773461837328,0.085294140338,0.0,516.7197464711396,516.1998347452443,516.5102986427161,516.7228174878467
1.8600000000000012,0.092769124904,0.341053743885,14.540999008,0.0885821545027,0.0417651575383,0.0,-0.0307259735134,0.707264859399,4.74572766592,0.0750300273245,0.0530846767692,0.0,473.71029216704744,471.23080642922173,474.5035993063078,474.3299718704491
1.9200000000000013,0.090052526117,0.385323674336,14.8285774751,0.0932949433346,0.0446139035973,0.0,-0.0601181717804,0.768823075884,4.83974110597,0.0847828292809,0.0328654077244,0.0,457.125402512057,455.5123969143642,458.0145459326526,458.7943253369739
1.9800000000000013,0.0857110597165,0.432982742994,15.1175272192,0.0988714162841,0.0465041633086,0.0,-0.0847596332833,0.820254473469,4.79203929636,0.105627147042,0.0286334648478,0.0,412.59061589361716,412.2171925574624,411.77688359184214,413.62480619146413
2.0400000000000014,0.0797690418699,0.484016269545,15.4055550959,0.105127618224,0.0485683664902,0.0,-0.113473646481,0.881411966307,4.8087151202,0.101409950208,0.0439787734763,0.0,432.56823140117984,433.85923106422337,434.4181836886664,434.074123479491
2.1000000000000014,0.0719737473635,0.539021637718,15.6963586374,0.111066752843,0.0524100975903,0.0,-0.146687185597,0.952646053499,4.88428903763,0.0936374761558,0.0879812806895,0.0,450.742057546867,454.287133899205,453.47351797419566,452.8568539132691
2.1600000000000015,0.0621518005919,0.598309545794,15.990731795,0.116737635455,0.0574306328118,0.0,-0.181184897603,1.02411008486,4.92782678204,0.0962126308447,0.0732660683731,0.0,444.1201880172589,442.91709384667274,443.8021831692316,444.0211150507961
2.2200000000000015,0.0503314047784,0.661659605134,16.2848957608,0.122550125823,0.0623186282288,0.0,-0.213213563376,1.08803054422,4.87772800717,0.0981664367265,0.094205173596,0.0,412.3396012012145,414.191308559408,413.8000473233905,413.9808086058919
2.2800000000000016,0.0364421239245,0.72906200342,16.5770449512,0.128293803307,0.0675516705343,0.0,-0.250232563614,1.15919846267,4.86050316728,0.0903452061933,0.06715723004,0.0,425.7544884549965,423.4400466914239,424.7138788313796,424.0506929317315
2.3400000000000016,0.0198015249194,0.801667659524,16.8745948057,0.133639740623,0.0717010361243,0.0,-0.304868243105,1.26147919352,5.05677744457,0.0864839979975,0.0728790303484,0.0,490.76222769021336,491.1899092902906,490.53646860165827,490.2554209839171
2.4000000000000017,0.000316048933038,0.879547165035,17.1766244671,0.138875901089,0.0758961293154,0.0,-0.345005203891,1.33492601968,5.01093054049,0.0887944811276,0.0632230308954,0.0,418.1092020697358,417.2709927540366,416.8336008208836,417.042350681848
2.4600000000000017,-0.0217163803783,0.962045924642,17.4768116569,0.143897266542,0.0793636509739,0.0,-0.389721738357,1.41545517465,4.99521437908,0.0707839037256,0.043787584671,0.0,428.8125160742119,427.16042496333245,427.4345749797985,425.9025868171445
2.520000000000002,-0.0469064464731,1.05020896071,17.781210711,0.14774686864,0.0815378018002,0.0,-0.450158239084,1.52362743965,5.1505394129,0.0456597785246,0.0134837228312,0.0,483.83711385576487,481.55034905314216,480.24347890859514,478.3363048288688
2.580000000000002,-0.0756801895371,1.14478631508,18.0939012409,0.150442493829,0.082359605693,0.0,-0.508998983971,1.62911504361,5.27177160177,0.0434203622885,0.0141193719105,0.0,472.7193594220403,472.76821838718604,472.4694265021371,472.297743429869
2.640000000000002,-0.107564010381,1.24494824646,18.4086154552,0.153323832465,0.0827812814641,0.0,-0.553865766605,1.70983420409,5.2188284882,0.0559211732735,-0.0135232886168,0.0,419.2067232142494,416.79730319115276,418.381608631723,419.47033062669516
2.700000000000002,-0.142153607296,1.3500181678,18.7202857456,0.156587423451,0.0818157806784,0.0,-0.599063052991,1.79275726351,5.17028357832,0.0511486479697,-0.0217988726175,0.0,420.7072903641309,419.9900736342903,419.2135224569968,418.800701248445
2.760000000000002,-0.179507736167,1.46024333555,19.0298754965,0.15996124767,0.0801391547912,0.0,-0.645955044274,1.88166002446,5.14934610811,0.0648303205093,-0.0445410101846,0.0,429.5312879116632,427.5975844399613,428.2765891829861,429.4411409807383
2.820000000000002,-0.219935229751,1.57644126422,19.3418079282,0.163915684116,0.0780154233316,0.0,-0.701344447433,1.99188292,5.2477846246,0.0679776079568,-0.0215232460545,0.0,466.3328086360152,468.12702768048064,466.15905680522064,466.4079584935046
2.880000000000002,-0.263530633695,1.69908343571,19.6581591959,0.167990425946,0.0764454076305,0.0,-0.751679077255,2.09648516102,5.29685725862,0.0677816223397,-0.0376090142587,0.0,454.3830970805539,453.0913190134118,451.7767117083538,451.7642900058359
2.940000000000002,-0.310075971815,1.82799087654,19.9769590105,0.172434204111,0.0740807995344,0.0,-0.799603124588,2.20074347008,5.32947939765,0.0843358181733,-0.0432793416073,0.0,448.2256960549311,447.76378111706254,448.1149858831758,449.46301488436825
3.000000000000002,-0.359539430809,1.96343631576,20.2988662011,0.177433163224,0.0714772828116,0.0,-0.848894384609,2.31447868006,5.40021815691,0.0811954915938,-0.0436180435388,0.0,460.842094208723,460.8143420051332,461.41143674194655,461.16878850589427
3.0600000000000023,-0.411906444354,2.10578823261,20.6249556704,0.182111843964,0.0684046746776,0.0,-0.896374875258,2.43092765398,5.4688916739,0.0706142305642,-0.0741598971842,0.0,462.55920677342704,460.1454277473803,462.14801336010174,461.3176484086368
3.1200000000000023,-0.466912302571,2.25482142467,20.9530571755,0.186134064917,0.0645274330995,0.0,-0.93679437063,2.53714203999,5.46766748388,0.0587045576154,-0.0502959259524,0.0,439.8414981039741,441.8105049942043,440.66415519845873,439.68173151583346
3.1800000000000024,-0.523945390792,2.40931544219,21.2759360786,0.189602598056,0.0616268083995,0.0,-0.964184070729,2.61296714888,5.29569262888,0.0559553443571,-0.0447014882585,0.0,381.6185601249554,382.15047332318983,381.10433084843254,380.84431458123004
3.2400000000000024,-0.58315123713,2.57012997806,21.5975200876,0.193155903599,0.0591074361716,0.0,-1.00902837147,2.74768178568,5.42295158623,0.0650610500524,-0.037054364507,0.0,479.32632741966023,479.9063982168229,478.6877079657564,479.382402022824
3.3000000000000025,-0.644958592638,2.73896693624,21.9260771079,0.197159632349,0.0574937130598,0.0,-1.05099223014,2.88043127599,5.52819646761,0.0698700297008,-0.0118668257194,0.0,473.25677652546557,475.19163948259626,474.3876293719982,474.75981983067516
3.3600000000000025,-0.709271982198,2.91589334101,22.2611936004,0.201190103106,0.0565990776058,0.0,-1.09266932393,3.01733006888,5.64151890969,0.0611531739653,-0.0218241127443,0.0,478.6193539762752,477.86089817340235,478.8365223870487,478.17582466505695
3.4200000000000026,-0.775795800248,3.1001397359,22.5983833159,0.204972990465,0.0557227706566,0.0,-1.12471960837,3.12446656611,5.59816566317,0.0665899954452,-0.00309184815105,0.0,429.65018914493913,431.2358565434475,430.6354583724717,431.0982197647149
3.4800000000000026,-0.844313538959,3.29115756548,22.9343715613,0.208972579381,0.0553350242717,0.0,-1.15918011381,3.24303507804,5.60119332955,0.0667990212155,-0.0142394545239,0.0,447.65274593535736,446.7446162880843,444.42469086757075,444.4451364007018
3.5400000000000027,-0.914941332642,3.4895303737,23.2713938462,0.213301083879,0.0549655145079,0.0,-1.19501737936,3.36962773433,5.63246528355,0.0811142852581,0.00644013318961,0.0,454.71105946057116,456.3651166261682,454.6102587985103,455.75992071039514
3.6000000000000028,-0.987744266061,3.69566529028,23.6107268263,0.218676005359,0.0558554548994,0.0,-1.23179523162,3.50184627204,5.67807982843,0.102644628045,0.0278106029065,0.0,459.74450749511675,461.4349083331557,460.13778762398164,461.84564424107805
3.660000000000003,-1.06267761437,3.90943981264,23.9510526015,0.224947780508,0.057344816223,0.0,-1.2661194358,3.62438985037,5.66583372636,0.108052751215,0.0180544891185,0.0,444.0367752487227,443.23561472643956,443.316224448261,443.77001828148735
3.720000000000003,-1.13972174813,4.13075916405,24.2910473346,0.23142291478,0.0583656492165,0.0,-1.30210660013,3.75335095249,5.66694949094,0.107650093084,0.0148470618049,0.0,449.01036991132236,448.74994259505485,448.19262646680903,448.17002519030996
3.780000000000003,-1.21887103298,4.35962415818,24.6298588811,0.238002401927,0.059036095929,0.0,-1.33627718578,3.87592097826,5.62662421447,0.113395686518,0.00257274276733,0.0,436.10626447283676,435.07945548810665,435.7699443461687,436.26092553420744
3.840000000000003,-1.3001559313,4.59623312712,24.9674417007,0.245907241311,0.0587091040856,0.0,-1.37321570156,4.01154695977,5.62571878987,0.154406484586,-0.0307473420537,0.0,450.2506924682874,447.5462760917128,447.53551406255156,450.87658381435097
3.900000000000003,-1.3839400983,4.84233772752,25.3097967833,0.254804382089,0.0564986957052,0.0,-1.41930803495,4.19256312118,5.78466416291,0.13180559055,-0.053237051978,0.0,499.519024841252,497.87539696355475,499.98296820582556,498.35099305073976
3.960000000000003,-1.47040715726,5.09934572009,25.661125424,0.263161741975,0.0535768202815,0.0,-1.46254386896,4.37486345027,5.92494647742,0.15113022988,-0.0408923595758,0.0,495.1317673454978,496.03809369518183,496.25924671548404,497.6915094983552
4.020000000000002,-1.55924977031,5.36667642438,26.017931782,0.272609115782,0.0508382794298,0.0,-1.49861483898,4.5367745623,5.96777607333,0.16778287989,-0.0574133877163,0.0,470.3119623471319,469.02914212169503,468.9436722535493,470.2575522471438
4.080000000000001,-1.65004210876,5.64301419468,26.3741656478,0.282593877837,0.0472548858999,0.0,-1.52753664027,4.67517973125,5.90649387192,0.16352522608,-0.0647947767326,0.0,438.53002165244993,437.9136919206525,437.7083877221883,437.3807509933442
4.14,-1.74246085645,5.92746956293,26.7255712127,0.292142215425,0.0434616356474,0.0,-1.55283593576,4.80733559318,5.80707517633,0.148497810204,-0.0602467613239,0.0,425.22794536164787,425.61438025605844,425.93722200712557,424.6748603671399
4.199999999999998,-1.83641468832,6.22043780332,27.0725211078,0.301251601909,0.0397609833206,0.0,-1.5786757288,4.95885193056,5.75764726341,0.157752239332,-0.0647032400198,0.0,441.76962116573833,441.3991408113031,442.41026821198477,443.19352519609396
4.259999999999997,-1.93181240413,6.52224878554,27.4152716246,0.310517220341,0.0353340662994,0.0,-1.60097179425,5.10213059051,5.66732984946,0.146783144004,-0.106435905262,0.0,431.41742992379284,427.87285904960277,428.8221878138872,427.9125541173177
4.319999999999996,-2.02858574236,6.83374156429,27.7555852012,0.319336778803,0.0286597023798,0.0,-1.62422504529,5.28146321143,5.67579668641,0.147407877268,-0.123169871916,0.0,462.06381870089314,460.7317063079831,462.27922617278745,462.3477907600084
4.379999999999995,-2.1264906554,7.15447587519,28.091403839,0.328131611241,0.0211753284335,0.0,-1.63883125937,5.4102889805,5.51857655644,0.14487443847,-0.128076205629,0.0,407.17871312609134,406.72367355352617,406.73885991666305,406.5341455715552
4.439999999999993,-2.2252142633,7.483602534,28.4194522673,0.33721174214,0.0140758291775,0.0,-1.6514444521,5.56115746181,5.41639831346,0.16184384158,-0.103764074073,0.0,424.2037904785229,426.2732931812279,425.021953049805,426.4966607026619
4.499999999999992,-2.32460819118,7.82215956964,28.7421122811,0.346667699613,0.00818343330953,0.0,-1.66123907036,5.7246469054,5.33873163867,0.147379268536,-0.0889325563761,0.0,433.80697698577376,435.04230288442375,434.23683907198847,433.0454838344397
4.559999999999991,-2.42448883041,8.16992553602,29.0581179978,0.355413432669,0.00310684291699,0.0,-1.66778668197,5.86809777388,5.19502869652,0.142318794728,-0.0771304182927,0.0,411.34014898299625,412.37773802634956,410.59034924504545,410.1628125912201
4.6199999999999894,-2.52469974346,8.52658959819,29.3660365952,0.364773577765,6.28181760668,0.0,-1.67227356362,6.02123091295,5.06900369689,0.174637836583,-0.0699042545416,0.0,416.7986299335815,417.42510879327745,415.4545213710773,418.30328385202733
4.679999999999988,-2.6251120796,8.8939099181,29.6699275259,0.375012650692,6.277302305,0.0,-1.67443519185,6.22328781436,5.05990309236,0.161181870031,-0.0889822192957,0.0,458.2755426163072,456.75175485168046,457.48466631851153,456.4386475215511
4.739999999999987,-2.72558345729,9.27287455279,29.9716617195,0.384503354452,6.27195122241,0.0,-1.67419724666,6.40933483694,4.99748898241,0.151379285597,-0.0895925097556,0.0,440.99996679506654,440.9428410154176,441.45635696744836,440.6704091582209
4.799999999999986,-2.82595162277,9.66324994487,30.2699561278,0.393941070147,6.26656544504,0.0,-1.67098368255,6.60358628532,4.94516551997,0.167063606017,-0.0901058029006,0.0,445.5385661135883,445.4898776573936,444.660320249545,445.9668392924836
4.859999999999984,-2.92603367436,10.0655503554,30.5654470206,0.404082886016,6.26204120935,0.0,-1.66469432282,6.80685888677,4.90388081922,0.172694093396,-0.0558136482492,0.0,449.0368799498222,451.805984719126,450.0795368896552,450.56204108157266
4.919999999999983,-3.02572239013,10.4791923282,30.8561356487,0.414376154239,6.25876764783,0.0,-1.65802982673,6.9817122601,4.78556228849,0.169175425087,-0.0521628135904,0.0,425.4344193677614,425.74485981278775,424.5200158413561,424.2476606426147
4.979999999999982,-3.1249120692,10.9042819533,31.141626921,0.424211673441,6.25563126945,0.0,-1.64805021865,7.18831782773,4.73018548768,0.150551592153,-0.0524941247393,0.0,447.54195723188946,447.51323291941884,448.463000742881,446.97243462990383
5.0399999999999805,-3.22347457013,11.3415356876,31.4230104091,0.433543775939,6.25280401579,0.0,-1.63714445048,7.38712592856,4.6488376664,0.163986293947,-0.0381033941236,0.0,439.54493036662967,440.73486329809816,439.25640126918495,440.39241284511127
